.Random.seed <-
c(403L, 10L, -2095087052L, 434862007L, 1279682477L, -239299388L, 
1251678442L, -1947418795L, -1729113873L, -502458634L, -2048343520L, 
-1619343389L, -2069451647L, 846326512L, 798810510L, 1285295865L, 
-1359037301L, -942365510L, 2080292796L, -1656505089L, -1702621099L, 
-1015889044L, -1317848126L, -1993577443L, 420400279L, -186684930L, 
-1954551368L, -1188534885L, 1384205305L, -1735634104L, 46743158L, 
-1850083407L, 114624995L, -1048469838L, -1175661820L, -1306652601L, 
291485469L, 1141067156L, 1056289082L, -3273339L, -132676001L, 
343175398L, -1698024592L, -52226925L, 485101873L, 1250490336L, 
-1302725506L, -245960951L, -257248965L, 774116618L, -1267512084L, 
-1170163345L, 1104166565L, -25587620L, -287750094L, -880181459L, 
-651489817L, -1596944114L, 1505162984L, -749594389L, 1942542729L, 
-415160040L, 2043591750L, -1119517535L, 438070067L, 593892002L, 
100854164L, 1684830231L, 1485840397L, -51518172L, 207839498L, 
9656437L, 198144975L, 2065646806L, -1436724096L, -210261309L, 
-875023263L, -984845104L, -17373650L, -1586341927L, -403146773L, 
269545050L, 1008887836L, -843156193L, -1561512587L, 1400931340L, 
-413743646L, -747522371L, 1949602103L, 401782238L, 73132824L, 
-344825221L, -2043834343L, 1915766952L, -223860138L, 1269143249L, 
1482135171L, -1601565422L, -730687324L, -1126131609L, -1145120323L, 
120337204L, -1295837030L, 389365477L, 1218009215L, 388174342L, 
2037611920L, -2025562061L, -1117450287L, 437355904L, 112445534L, 
1006987177L, -2036933029L, -1105001878L, -294801652L, -452310705L, 
-916524539L, 44064956L, -2032842350L, 1957241485L, -2081287993L, 
-1324735058L, 693284872L, 1576920075L, 869638377L, 183230392L, 
-1202292634L, 267577601L, 395485075L, 499314754L, -1260308492L, 
1325949431L, -1828674067L, -1591286140L, -725133142L, -1729255915L, 
2096396975L, -2025639754L, 691105504L, -386682333L, -757015231L, 
-1641488336L, -1834796466L, -314147143L, -696038709L, -1921873030L, 
370489980L, -1684418881L, -230590571L, -532156500L, 1952132482L, 
683602781L, -1285038505L, 1138883902L, -2129359496L, 177479259L, 
61684153L, -2004382712L, 315659958L, 1531749873L, -140411869L, 
1768428658L, -1166096700L, -2144411513L, 51815517L, 685132372L, 
-815619974L, -979196987L, 1862915359L, 362345638L, 574899760L, 
-1807016749L, -1103686927L, 519578144L, 651510974L, -1352224567L, 
810152571L, 751360074L, -25614164L, 192958383L, -1793877147L, 
-376245988L, -53544590L, -186717715L, -1795523033L, -85021106L, 
-307408216L, 1680994475L, 1915984329L, -1443695144L, -1906572154L, 
53700961L, -1627017997L, -47312030L, -983949868L, -1393026857L, 
-227480883L, 1902983780L, -1533480886L, -1646905931L, -33662705L, 
-2026764778L, 567787712L, -1797859709L, -350973279L, 1017427088L, 
1579540334L, 2030942489L, 801102251L, 35305370L, -2048546980L, 
1233024607L, 1259636277L, -1937496628L, 1451336994L, 1277988733L, 
985080951L, 188881310L, 645763160L, -549220933L, -1591237799L, 
1038471400L, -61345514L, 619877009L, 138469187L, -99042734L, 
845991140L, 1050269479L, 640832381L, -240336572L, -1215662120L, 
571315322L, 1254033968L, 149731004L, 1860368212L, -34027966L, 
1297438624L, -915004228L, 1440932304L, -570822302L, -327356440L, 
1879692236L, -2049169668L, -62831630L, 1575857280L, 904169716L, 
325050504L, -487947974L, 1160145744L, -745160596L, 961133716L, 
64996690L, 1300171488L, -2033447732L, 554267808L, 2146628994L, 
89269480L, 223839468L, 77494332L, 1636461682L, 1570020464L, -182685148L, 
518587960L, 244359706L, -1930965808L, 1957801532L, 736139412L, 
-447626110L, -1996946496L, -507434692L, 1466846864L, 1911346210L, 
-1207926776L, -718461812L, 148266012L, -934518638L, -334963584L, 
-70824940L, 1533105960L, 810991674L, 1708644560L, -58863508L, 
1936262836L, -1681699822L, 412312544L, 610595788L, 986601952L, 
447293474L, 1880534312L, 1964224780L, 934761020L, 116107506L, 
-1317589776L, 943931204L, -199926696L, 1906306618L, 414365936L, 
253658812L, -2116607468L, 759690434L, -215270816L, -657755780L, 
576269520L, -436801502L, 1139365032L, -1073073780L, 662110652L, 
-563360718L, -559403200L, 603310772L, 18943304L, -357681478L, 
-1037911280L, -822916884L, 1152429140L, 191628050L, -980947552L, 
85923788L, 1939073888L, -1621414718L, -1010851288L, -588145236L, 
-158915780L, 88846194L, 1107173168L, -413107164L, 634606136L, 
-723204390L, -1072766064L, -577629956L, -947164780L, 812694338L, 
-1724272128L, 207582268L, 69315152L, -825863006L, -1007605944L, 
1382737420L, -1029990692L, -1866178478L, 920260736L, -1415793836L, 
1625215976L, -38776070L, -102101168L, -222261204L, -2031251084L, 
-924849518L, 1809732192L, 1034583180L, -19452576L, 883654882L, 
-733456216L, -174669108L, -780122628L, 1539987378L, -1448562704L, 
-1188102716L, -1327920808L, -1359303302L, 1678892464L, -265365060L, 
1782934100L, 1854025154L, 1021971232L, 327789500L, 481080400L, 
-1462741022L, 497818472L, -1089018036L, 1200872188L, -1070820622L, 
1702768896L, 695817332L, 2078538248L, -1483431494L, 1459927504L, 
1618629612L, -518154348L, -1810651950L, -1477799840L, -1429341876L, 
-811589856L, 1625891458L, 531231208L, 1215202284L, -1528644036L, 
-1567092110L, -1484204176L, -1667612380L, 1591836216L, 86846874L, 
-1129474608L, -569249348L, 2062523028L, 1479554690L, -2129167936L, 
325852988L, 1336100496L, -1701493982L, -1576620536L, 1122739980L, 
1844469660L, 2021586962L, -540818560L, -1043546348L, -966907608L, 
-1168689094L, 154920912L, -46497172L, 1542669364L, -809341806L, 
1416181088L, -1015045812L, -1811242528L, 816265122L, 2091671464L, 
-1801335668L, -766481476L, -1219526542L, 269456368L, -1981349820L, 
1584419928L, -317044678L, -1647869840L, -595424708L, 2067565332L, 
-1933648190L, 1634049760L, 1571882108L, 1457221840L, -791665758L, 
-282205656L, 923114764L, -191681604L, 1372294450L, -618756928L, 
-1243791820L, -957094200L, 1620283066L, 1789692048L, 490433260L, 
-438836652L, 154396306L, -800056544L, 447536076L, 1716466912L, 
-2145617214L, -461881304L, -1770249300L, -327216452L, 878173682L, 
793849392L, 833177508L, -15489608L, 1625360218L, 771960736L, 
-981431042L, -407425077L, 438913485L, -64926470L, 411238200L, 
1462783201L, 590806931L, 1307956148L, 384243906L, 913382615L, 
-1097901791L, -314838810L, -172141084L, 1185976597L, 1191487807L, 
-883985192L, 117415158L, 263595779L, 1178656837L, 870252642L, 
327796688L, -1484890887L, 746231339L, 1224434076L, 419250634L, 
-497720641L, 142201865L, -334273250L, 1123526860L, -339059555L, 
39125287L, 206285648L, 815388142L, -1452698981L, -1482631939L, 
-236143638L, 1155579016L, 894902833L, -1716374365L, 447215780L, 
1509050706L, -805473113L, -1656639247L, 1502365750L, 1565161684L, 
1911245925L, -1614920081L, 684247208L, 1118885382L, -1193298125L, 
104772501L, 1658259442L, 1894089792L, 2144648617L, 288265243L, 
-673312276L, 684501498L, -2130440657L, 1845647929L, -226642866L, 
849525916L, -1045615091L, -1024044425L, -1309826432L, -2039654178L, 
-297061461L, 99466413L, -1967521510L, -303811112L, -1599852991L, 
-328440589L, 1262809876L, 483869346L, 1055030199L, 1493276545L, 
947182982L, 1277407172L, 692105973L, -1936464033L, -774198856L, 
693686422L, 69105315L, -163850139L, 841837954L, 1284624112L, 
-989404519L, -1934162293L, -547412100L, 1670900138L, 1282925023L, 
-1260275863L, 2002091902L, -793589908L, -1504904259L, 1889593479L, 
1832871024L, 2090852110L, 1061332027L, -1998263523L, 1258267082L, 
-294679832L, -1507099183L, -1608667197L, -530155324L, 1604880242L, 
1720400455L, -595113455L, -1445051498L, -1335064844L, 572336261L, 
1310629327L, 1333078216L, 1192968550L, 1351447443L, -1595376395L, 
833805522L, -377058528L, 1387856649L, 1492395067L, -1275287156L, 
-646692838L, -633017201L, -203746343L, 463950958L, -675940356L, 
-1479840403L, -2029082857L, 845780704L, -456923970L, 1767289483L, 
1910896909L, 1983540538L, 1883565432L, -1714886879L, 424116179L, 
-448207116L, 412415874L, 831069719L, 970601697L, 1149850150L, 
1685885732L, 772946901L, 719510399L, -746660328L, 1745052982L, 
212843459L, 716448261L, -1017546334L, -2025308784L, 992234809L, 
